1,1,1,30,0,192.168.1.129,
1,2,31,30,0,,
1,3,61,30,0,,
1,4,91,30,0,,
1,5,121,30,0,,
1,6,151,30,0,,
1,7,181,30,0,,
1,8,211,30,0,,
1,9,241,30,0,,
1,10,271,30,0,,
1,11,301,30,0,,
1,12,331,30,0,,
1,13,361,30,0,,
1,14,391,30,0,,
1,15,421,30,0,,
1,16,451,30,0,,
1,17,481,30,0,,
1,18,511,30,0,,
1,19,541,30,0,,
1,20,571,30,0,,
1,21,601,30,0,,
1,22,631,30,0,,
1,23,661,30,0,,
1,24,691,30,0,,
1,25,721,30,0,,
1,26,751,30,0,,
1,27,781,30,0,,
1,28,811,30,0,,
1,29,841,30,0,,
1,30,871,30,0,,
1,31,901,30,0,,
1,32,931,30,0,,