1,1,1,512,0,192.168.1.50,
1,2,513,512,0,,
1,3,1025,512,0,,
1,4,1537,512,0,,
1,5,2049,512,0,,
1,6,2561,512,0,,
1,7,3073,512,0,,
1,8,3585,512,0,,
1,9,4097,512,0,,
1,10,4609,512,0,,
1,11,5121,512,0,,
1,12,5633,512,0,,
1,13,6145,512,0,,
1,14,6657,512,0,,
1,15,7169,512,0,,
1,16,7681,512,0,,
1,17,8193,512,0,,
1,18,8705,512,0,,
1,19,9217,512,0,,
1,20,9729,512,0,,
1,21,10241,512,0,,
1,22,10753,512,0,,
1,23,11265,512,0,,
1,24,11777,512,0,,
1,25,12289,512,0,,
1,26,12801,512,0,,
1,27,13313,512,0,,
1,28,13825,512,0,,
1,29,14337,512,0,,
1,30,14849,512,0,,
1,31,15361,512,0,,
1,32,15873,512,0,,